-37.1601 21.4423 -3.46477 0.998855 0.0412588 -0.0242193 -0.0410117 0.999102 0.0106111 0.0246353 -0.0096057 0.99965 -2.27957 -1.92529 -3.02014
-37.1661 21.4507 -3.46564 0.99881 0.0422751 -0.0243111 -0.0420204 0.999057 0.0108925 0.0247487 -0.00985794 0.999645 -2.28236 -1.91559 -3.01916
-37.1595 21.4377 -3.46774 0.998858 0.0408918 -0.0247277 -0.0406531 0.999122 0.0100791 0.0251182 -0.0090623 0.999643 -2.27945 -1.92656 -3.02766
-37.1576 21.4314 -3.46235 0.99886 0.0405188 -0.0252338 -0.0402643 0.999134 0.0105161 0.025638 -0.00948814 0.999626 -2.26942 -1.93852 -3.02656
-37.1577 21.4381 -3.46704 0.998849 0.0410797 -0.0247559 -0.0408389 0.999114 0.0101584 0.0251513 -0.00913572 0.999642 -2.27515 -1.92671 -3.02682
-37.1578 21.4366 -3.46544 0.998854 0.0411056 -0.0245046 -0.040865 0.999112 0.0102381 0.0249037 -0.009225 0.999647 -2.27382 -1.93398 -3.02453
-37.1621 21.4408 -3.46715 0.998843 0.0411938 -0.0248187 -0.0409344 0.999103 0.0108683 0.0252441 -0.00983974 0.999633 -2.279 -1.92575 -3.02606
-37.1608 21.4435 -3.46205 0.998828 0.0419783 -0.024111 -0.0417574 0.999082 0.0095922 0.0244915 -0.00857414 0.999663 -2.27731 -1.92321 -3.01835
-37.1597 21.4455 -3.46497 0.998834 0.0415507 -0.0245953 -0.0413137 0.999096 0.0100674 0.0249914 -0.00903958 0.999647 -2.27725 -1.91766 -3.025
-37.1596 21.4385 -3.46292 0.998839 0.0414943 -0.0244856 -0.0412415 0.999091 0.0107421 0.0249091 -0.00971984 0.999642 -2.27558 -1.9323 -3.0195
-37.1595 21.4318 -3.46654 0.998874 0.0405015 -0.0247089 -0.0402583 0.999137 0.0102617 0.0251032 -0.00925536 0.999642 -2.27507 -1.93507 -3.02811
-37.1597 21.4368 -3.46297 0.998843 0.0413209 -0.0245857 -0.0410763 0.999102 0.0103703 0.0249922 -0.00934846 0.999644 -2.27528 -1.93409 -3.0241
-37.1594 21.4387 -3.46625 0.998863 0.040919 -0.0244775 -0.0406752 0.999119 0.0103768 0.0248805 -0.0093694 0.999647 -2.27638 -1.92871 -3.02434
-37.1572 21.4353 -3.46175 0.998835 0.0413694 -0.0248438 -0.0411282 0.999102 0.0101448 0.0252412 -0.00911119 0.99964 -2.27375 -1.93365 -3.02394
-37.1574 21.4331 -3.46607 0.998881 0.040431 -0.0245386 -0.0401955 0.999142 0.0100137 0.0249224 -0.00901613 0.999649 -2.27177 -1.93561 -3.02513
-37.1573 21.4377 -3.46246 0.998814 0.0418478 -0.0248692 -0.0415965 0.999079 0.010536 0.0252872 -0.00948901 0.999635 -2.27372 -1.93163 -3.0248
-37.1541 21.4362 -3.46448 0.998859 0.0407218 -0.0249443 -0.0404734 0.999127 0.0103835 0.0253453 -0.00936209 0.999635 -2.26696 -1.9313 -3.02761
-37.158 21.4352 -3.46232 0.998851 0.0409397 -0.0249252 -0.0406987 0.99912 0.0100981 0.0253167 -0.00907211 0.999638 -2.27358 -1.93427 -3.02415
-37.158 21.4339 -3.46517 0.998882 0.0404939 -0.0243993 -0.0402571 0.999138 0.0101225 0.0247882 -0.00912898 0.999651 -2.27199 -1.93165 -3.02424
-37.1575 21.438 -3.46157 0.998843 0.0413757 -0.024494 -0.041131 0.9991 0.0104127 0.0249028 -0.0093932 0.999646 -2.2745 -1.93238 -3.01866
-37.1595 21.4397 -3.46712 0.998852 0.0410645 -0.0246784 -0.0408246 0.999115 0.0101479 0.0250732 -0.00912878 0.999644 -2.27583 -1.92578 -3.02472
-37.1633 21.4397 -3.46307 0.998853 0.0413521 -0.0241231 -0.0411112 0.9991 0.0103984 0.0245314 -0.00939479 0.999655 -2.27972 -1.92956 -3.01687
-37.1592 21.4354 -3.46708 0.998869 0.0406786 -0.0246217 -0.0404453 0.999133 0.00989982 0.0250031 -0.00889279 0.999648 -2.27533 -1.9306 -3.0263
-37.1605 21.4433 -3.46393 0.998833 0.0415736 -0.0245664 -0.0413271 0.999091 0.0104579 0.0249789 -0.00943044 0.999643 -2.27475 -1.9264 -3.02209
-37.1627 21.4426 -3.46427 0.998841 0.0411255 -0.0249943 -0.0408736 0.999109 0.0105043 0.025404 -0.0094705 0.999632 -2.27964 -1.92209 -3.02311
-37.1603 21.4401 -3.46927 0.998824 0.0414871 -0.0250951 -0.0412486 0.999099 0.00994891 0.0254852 -0.00890207 0.999636 -2.2746 -1.92636 -3.0269
-37.1597 21.4405 -3.46502 0.998841 0.0413282 -0.0246729 -0.0410973 0.999107 0.00979073 0.0250555 -0.00876539 0.999648 -2.2715 -1.92354 -3.02573
-37.1706 21.4412 -3.46625 0.998834 0.0410494 -0.0254218 -0.040798 0.999114 0.0103285 0.0258233 -0.00927928 0.999623 -2.27261 -1.92027 -3.02317
-37.1755 21.4377 -3.46429 0.998854 0.0410331 -0.0246283 -0.0407961 0.999117 0.0100508 0.025019 -0.00903458 0.999646 -2.2748 -1.92746 -3.02135
-37.1786 21.4329 -3.46372 0.998864 0.04058 -0.0249856 -0.0403271 0.999131 0.0105455 0.0253918 -0.00952592 0.999632 -2.26367 -1.93646 -3.02518
-37.1857 21.435 -3.45846 0.998816 0.0412537 -0.0257861 -0.040989 0.999102 0.0107146 0.0262049 -0.00964496 0.99961 -2.26228 -1.93051 -3.03265
-37.1933 21.4277 -3.46746 0.998864 0.0403641 -0.0253075 -0.0401277 0.999147 0.00977849 0.0256806 -0.00875185 0.999632 -2.25442 -1.93653 -3.03719
-37.2092 21.4314 -3.46232 0.998851 0.0404735 -0.0256663 -0.0402102 0.999134 0.0106948 0.0260769 -0.0096505 0.999613 -2.25181 -1.93564 -3.03409
-37.2197 21.4245 -3.46171 0.998862 0.0402926 -0.0255378 -0.0400448 0.999146 0.0101398 0.0259245 -0.00910565 0.999622 -2.25195 -1.94117 -3.03337
-37.2368 21.4382 -3.46239 0.998851 0.0412815 -0.0243417 -0.0410316 0.999101 0.0106766 0.0247606 -0.00966556 0.999647 -2.25209 -1.92872 -3.01801
-37.2611 21.4323 -3.47245 0.998839 0.0410803 -0.0251579 -0.040858 0.999122 0.00928744 0.0255173 -0.00824876 0.99964 -2.24949 -1.93256 -3.0336
-37.2844 21.433 -3.46542 0.99886 0.0409059 -0.0246111 -0.0406559 0.999117 0.0105721 0.0250218 -0.00955949 0.999641 -2.2509 -1.93195 -3.02387
-37.3119 21.4322 -3.45755 0.998851 0.0412199 -0.0244416 -0.0409806 0.999108 0.0102136 0.0248408 -0.0092002 0.999649 -2.25839 -1.92863 -3.01195
-37.3348 21.4331 -3.46182 0.998863 0.0409311 -0.024444 -0.0406953 0.999121 0.0100663 0.0248345 -0.00906006 0.999651 -2.24609 -1.93095 -3.01676
-37.3676 21.4285 -3.45865 0.998848 0.040786 -0.0252699 -0.0405472 0.999129 0.00989091 0.0256513 -0.0088549 0.999632 -2.24858 -1.93463 -3.01964
-37.3899 21.43 -3.46589 0.998839 0.0411001 -0.0251134 -0.0408346 0.999105 0.0109951 0.0255428 -0.00995684 0.999624 -2.23912 -1.93723 -3.02355
-37.4175 21.4197 -3.46319 0.998883 0.0401098 -0.0249606 -0.0398552 0.999149 0.0106176 0.0253652 -0.00961098 0.999632 -2.23607 -1.95021 -3.0223
-37.4541 21.4242 -3.46986 0.99884 0.0407987 -0.0255732 -0.0405532 0.999127 0.0100461 0.0259607 -0.00899737 0.999622 -2.23357 -1.94141 -3.02818
-37.4898 21.4196 -3.47068 0.998865 0.0401519 -0.0256139 -0.0399192 0.999157 0.00953395 0.0259751 -0.00850064 0.999626 -2.23672 -1.94582 -3.03238
-37.5221 21.4267 -3.47208 0.998842 0.0413219 -0.0246214 -0.0411171 0.999116 0.00876619 0.0249619 -0.00774368 0.999658 -2.23158 -1.93432 -3.02288
-37.5642 21.4247 -3.46772 0.998897 0.0402841 -0.0241235 -0.0400753 0.999155 0.00907833 0.0244688 -0.00810156 0.999668 -2.24125 -1.93788 -3.01967
-37.6006 21.4179 -3.4694 0.99886 0.0409791 -0.0244655 -0.04076 0.999125 0.00938565 0.0248287 -0.00837774 0.999657 -2.23401 -1.93979 -3.02538
-37.639 21.4201 -3.46977 0.998868 0.0404938 -0.0249614 -0.040271 0.999145 0.00936701 0.0253194 -0.00835118 0.999645 -2.22828 -1.94325 -3.02894
-37.6877 21.4241 -3.46329 0.998815 0.0418482 -0.0248421 -0.041608 0.999083 0.0101074 0.0252422 -0.00906176 0.99964 -2.22961 -1.93537 -3.02802
-37.7302 21.4202 -3.4637 0.998869 0.0408464 -0.0243175 -0.0406149 0.999125 0.00993803 0.0247022 -0.00893914 0.999655 -2.23399 -1.9424 -3.02351
-37.781 21.4165 -3.46518 0.998848 0.0409226 -0.0250721 -0.0406995 0.999128 0.00934482 0.0254327 -0.00831363 0.999642 -2.22943 -1.94594 -3.02511
-37.8239 21.421 -3.46946 0.998854 0.0411252 -0.0244925 -0.0409184 0.999123 0.00888457 0.0248364 -0.0078722 0.999661 -2.22928 -1.94273 -3.02845
-37.8616 21.4148 -3.4656 0.998857 0.0410786 -0.0244421 -0.0408669 0.999123 0.00910102 0.0247945 -0.00809174 0.99966 -2.20921 -1.94794 -3.02372
-37.9258 21.4088 -3.46259 0.998852 0.0405084 -0.0255706 -0.0402615 0.999138 0.0100965 0.0259575 -0.00905539 0.999622 -2.2155 -1.95758 -3.02586
-37.9785 21.414 -3.46059 0.998801 0.0419129 -0.0253152 -0.0416918 0.999088 0.00920092 0.0256777 -0.00813445 0.999637 -2.21002 -1.94261 -3.02486
-38.0339 21.4065 -3.46241 0.998813 0.0415049 -0.0254839 -0.0412645 0.999099 0.00988648 0.0258713 -0.00882316 0.999626 -2.21621 -1.9549 -3.02354
-38.0909 21.4048 -3.45705 0.998853 0.0411113 -0.0245465 -0.0408906 0.999119 0.00942921 0.0249126 -0.00841467 0.999654 -2.21175 -1.95578 -3.01255
-38.1417 21.4113 -3.46123 0.998824 0.0423027 -0.0236758 -0.0420977 0.999072 0.00908921 0.0240384 -0.00808182 0.999678 -2.20332 -1.9475 -3.01154
-38.1773 21.4014 -3.45771 0.998836 0.0414601 -0.0246326 -0.0412208 0.999099 0.0101471 0.0250311 -0.00911996 0.999645 -2.17318 -1.95934 -3.01046
-38.2575 21.3974 -3.46066 0.998895 0.0406813 -0.0235227 -0.0404498 0.999129 0.0102375 0.0239187 -0.00927469 0.999671 -2.19296 -1.96332 -3.02167
-38.3238 21.3943 -3.45513 0.998845 0.0409331 -0.0251515 -0.0407009 0.999125 0.00967717 0.0255256 -0.00864231 0.999637 -2.19029 -1.9684 -3.01336
-38.3831 21.3949 -3.46385 0.998831 0.0413166 -0.0251036 -0.0411016 0.999114 0.00902442 0.0254542 -0.00798207 0.999644 -2.1851 -1.96489 -3.02088
-38.4469 21.3867 -3.46223 0.998853 0.0406948 -0.0252469 -0.0404732 0.999138 0.00922403 0.0256005 -0.00819163 0.999639 -2.17704 -1.97349 -3.02076
-38.5172 21.3873 -3.46026 0.998877 0.0404438 -0.0246604 -0.0402357 0.999151 0.00887406 0.0249983 -0.00787187 0.999656 -2.17132 -1.97731 -3.0162
-38.5787 21.379 -3.45985 0.99886 0.0401885 -0.0257737 -0.0399786 0.999163 0.00860917 0.0260981 -0.00756896 0.999631 -2.16594 -1.98195 -3.02328
-38.6504 21.3793 -3.46216 0.998861 0.0401907 -0.0257143 -0.0399987 0.999168 0.00793546 0.0260119 -0.00689788 0.999638 -2.16006 -1.98329 -3.01728
-38.7216 21.3814 -3.46911 0.998835 0.0410978 -0.0253092 -0.0408877 0.999125 0.00876457 0.0256473 -0.00771952 0.999641 -2.16368 -1.99235 -3.02103
-38.7662 21.3769 -3.46553 0.998845 0.0405832 -0.0257046 -0.0403792 0.999149 0.00840597 0.0260239 -0.00735834 0.999634 -2.1302 -1.99233 -3.01753
-38.8443 21.3843 -3.47256 0.998857 0.0406745 -0.0251207 -0.0404434 0.999135 0.00964016 0.0254911 -0.00861317 0.999638 -2.14162 -1.98072 -3.01761
-38.9345 21.3743 -3.46505 0.998855 0.0405826 -0.0253332 -0.040404 0.999155 0.00752413 0.0256172 -0.00649195 0.999651 -2.15422 -1.98603 -3.01621
-39.014 21.3707 -3.46691 0.998869 0.0404646 -0.0249519 -0.0402697 0.999155 0.00826278 0.0252651 -0.00724864 0.999655 -2.15749 -1.99792 -3.01411
-39.09 21.368 -3.46325 0.998894 0.0404295 -0.0239954 -0.0402379 0.999155 0.00841672 0.0243154 -0.00744189 0.999677 -2.15978 -1.99444 -3.01109
-39.1385 21.3664 -3.45813 0.998878 0.0403228 -0.0248429 -0.0401173 0.999157 0.00871699 0.0251735 -0.00771058 0.999653 -2.12728 -2.00536 -3.0027
-39.2522 21.3659 -3.45476 0.998877 0.0409235 -0.0238563 -0.040735 0.999135 0.00833483 0.0241768 -0.00735369 0.999681 -2.17201 -2.00308 -2.98412
-39.3049 21.359 -3.45932 0.998864 0.0402303 -0.0255545 -0.0400023 0.999156 0.00937123 0.0259099 -0.00833834 0.99963 -2.13581 -2.01632 -2.99424
-39.3814 21.3552 -3.46539 0.998864 0.0402585 -0.0254934 -0.0400603 0.999163 0.00823771 0.0258037 -0.00720708 0.999641 -2.1277 -2.01617 -3.00674
-39.5209 21.3524 -3.45692 0.998885 0.041044 -0.02332 -0.0408339 0.999122 0.009415 0.0236859 -0.00845226 0.999684 -2.18568 -2.02334 -2.99283
-39.5723 21.3491 -3.45919 0.998885 0.0403607 -0.0244913 -0.0401379 0.999149 0.00952022 0.0248547 -0.00852657 0.999655 -2.15127 -2.03326 -2.99758
-39.6679 21.3526 -3.46525 0.998878 0.0405485 -0.0244481 -0.0403115 0.999136 0.0101112 0.024837 -0.0091143 0.99965 -2.15174 -2.02999 -2.99246
-39.726 21.3535 -3.47539 0.998819 0.0410952 -0.0259261 -0.0408567 0.999118 0.00966285 0.0263004 -0.00859218 0.999617 -2.11543 -2.02284 -3.00303
-39.8128 21.3431 -3.47337 0.998874 0.039917 -0.0256443 -0.0396698 0.999162 0.01008 0.0260251 -0.00905136 0.99962 -2.10869 -2.04032 -3.00116
-39.905 21.3366 -3.46794 0.998904 0.0392487 -0.0254969 -0.0389814 0.999181 0.0108959 0.0259036 -0.00989008 0.999616 -2.10174 -2.0458 -2.9912
-40.0306 21.3424 -3.46886 0.998872 0.040346 -0.0250238 -0.0400785 0.999135 0.0111004 0.02545 -0.010085 0.999625 -2.13862 -2.04134 -2.98544
-40.1173 21.3353 -3.46246 0.998883 0.0397678 -0.0255024 -0.0394753 0.99915 0.0118721 0.0259528 -0.0108521 0.999604 -2.12297 -2.05145 -2.98296
-40.2083 21.3262 -3.46876 0.998896 0.039186 -0.0259072 -0.0388802 0.999169 0.0122042 0.0263639 -0.0111835 0.99959 -2.11445 -2.05419 -2.98198
-40.3159 21.332 -3.46931 0.998865 0.0397606 -0.0262375 -0.0394721 0.999155 0.0114232 0.0266695 -0.0103746 0.99959 -2.13033 -2.04745 -2.9816
-40.3685 21.318 -3.46744 0.998889 0.0394893 -0.0257269 -0.0392212 0.999172 0.0108458 0.0261339 -0.00982472 0.99961 -2.07477 -2.06276 -2.98636
-40.5041 21.3169 -3.46781 0.99891 0.0391531 -0.0254155 -0.0388785 0.999181 0.0112109 0.0258336 -0.0102105 0.999614 -2.12138 -2.06648 -2.98229
-40.6039 21.3026 -3.47165 0.998931 0.0383385 -0.0258073 -0.0380657 0.999215 0.010981 0.0262081 -0.00998688 0.999607 -2.1147 -2.08139 -2.98659
-40.6722 21.2999 -3.46712 0.998916 0.0385205 -0.0261247 -0.0382551 0.999212 0.0105844 0.0265118 -0.00957348 0.999603 -2.08242 -2.07844 -2.98155
-40.7824 21.305 -3.47563 0.998925 0.0386228 -0.0256453 -0.0383869 0.999217 0.00962738 0.025997 -0.00863259 0.999625 -2.08875 -2.06755 -2.98218
-40.9153 21.2999 -3.47351 0.998908 0.0389012 -0.0258848 -0.0386537 0.999203 0.00999465 0.026253 -0.00898319 0.999615 -2.11481 -2.08026 -2.9804
-41.0163 21.2995 -3.47242 0.998944 0.0387627 -0.0246815 -0.0385242 0.999207 0.0100655 0.0250521 -0.00910408 0.999645 -2.11831 -2.07801 -2.9836
-41.0822 21.2949 -3.47494 0.998962 0.0380071 -0.0251196 -0.037766 0.999237 0.0100063 0.0254807 -0.00904721 0.999634 -2.0716 -2.08442 -2.97938
-41.2204 21.2912 -3.47188 0.998917 0.0386713 -0.0258686 -0.0384058 0.999205 0.0106849 0.0262613 -0.00967981 0.999608 -2.10803 -2.08994 -2.97497
-41.3243 21.2954 -3.45942 0.998973 0.0391192 -0.0228714 -0.0388777 0.999184 0.0109108 0.0232796 -0.0100104 0.999679 -2.11485 -2.08272 -2.95338
-41.4108 21.2874 -3.46765 0.998953 0.0390661 -0.0238034 -0.0388095 0.999184 0.0111498 0.0242196 -0.0102143 0.999654 -2.09535 -2.09223 -2.96741
-41.5141 21.2886 -3.46273 0.998955 0.0394853 -0.0229982 -0.0392313 0.999165 0.0113949 0.023429 -0.0104807 0.999671 -2.1019 -2.08122 -2.95875
-41.6051 21.2756 -3.47085 0.998984 0.0388419 -0.0228316 -0.0386463 0.999213 0.00894693 0.0231611 -0.00805549 0.999699 -2.09518 -2.08709 -2.95854
-41.7024 21.2767 -3.46716 0.998953 0.0392888 -0.0234512 -0.0390581 0.999185 0.0102184 0.0238336 -0.00929169 0.999673 -2.1019 -2.09035 -2.95918
-41.7624 21.2689 -3.46746 0.998971 0.0389905 -0.0231488 -0.0387361 0.999185 0.0113387 0.023572 -0.0104304 0.999668 -2.06459 -2.09643 -2.9623
-41.857 21.2671 -3.46947 0.998927 0.0399137 -0.0234819 -0.0396847 0.999161 0.0101403 0.0238669 -0.00919756 0.999673 -2.07708 -2.09727 -2.96785
-41.9575 21.2695 -3.4699 0.998854 0.0410981 -0.0245425 -0.0408773 0.99912 0.00943139 0.0249085 -0.00841735 0.999654 -2.08178 -2.08644 -2.96611
-42.0692 21.2518 -3.47432 0.99891 0.0394435 -0.0249537 -0.0392482 0.999195 0.00826607 0.0252597 -0.00727767 0.999654 -2.09177 -2.10054 -2.97399
-42.1595 21.2473 -3.47237 0.998937 0.0392557 -0.0241827 -0.0390582 0.9992 0.00858613 0.0245004 -0.00763246 0.999671 -2.09933 -2.10927 -2.96751
-42.2513 21.2445 -3.47485 0.998916 0.0394407 -0.0247338 -0.0392359 0.999192 0.00871133 0.0250574 -0.00773143 0.999656 -2.1007 -2.10666 -2.9662
-42.3344 21.2379 -3.48382 0.998918 0.0397208 -0.0241733 -0.0395152 0.999179 0.00892605 0.024508 -0.00796118 0.999668 -2.09491 -2.11769 -2.98129
-42.4246 21.2313 -3.48083 0.998931 0.0392225 -0.0244513 -0.0390062 0.999196 0.0092605 0.0247948 -0.00829685 0.999658 -2.09434 -2.11954 -2.97222
-42.48 21.2271 -3.49141 0.998931 0.0383122 -0.0258757 -0.0381141 0.999241 0.00810717 0.0261666 -0.00711227 0.999632 -2.05002 -2.12321 -2.98514
-42.5638 21.2204 -3.48315 0.998994 0.0376105 -0.0244246 -0.0374109 0.999263 0.00858005 0.0247293 -0.00765767 0.999665 -2.0424 -2.12813 -2.97026
-42.6832 21.2199 -3.48504 0.998945 0.0382472 -0.0254093 -0.0380126 0.999231 0.00965417 0.025759 -0.00867812 0.999631 -2.07068 -2.13068 -2.97414
-42.7687 21.2181 -3.48922 0.998922 0.038324 -0.0262118 -0.0380565 0.999219 0.0106273 0.0265987 -0.00961827 0.9996 -2.06591 -2.13002 -2.97432
-42.8568 21.2103 -3.48445 0.998946 0.0384074 -0.0251357 -0.0381731 0.999224 0.00973521 0.0254901 -0.00876545 0.999637 -2.06996 -2.13615 -2.96891
-42.9419 21.2069 -3.48769 0.998928 0.0386883 -0.0254232 -0.0384675 0.999218 0.0091151 0.0257559 -0.00812736 0.999635 -2.06436 -2.13368 -2.97222
-43.028 21.2034 -3.48451 0.998944 0.0379941 -0.0258164 -0.0377531 0.999239 0.00976039 0.0261676 -0.00877544 0.999619 -2.06067 -2.13841 -2.96543
-43.11 21.1953 -3.48647 0.998942 0.0389342 -0.0244595 -0.0387069 0.999204 0.00969729 0.0248176 -0.00874028 0.999654 -2.05689 -2.13972 -2.96803
-43.1983 21.1892 -3.48518 0.99896 0.0376883 -0.0256576 -0.0374621 0.999255 0.0092402 0.0259867 -0.0082694 0.999628 -2.04635 -2.14938 -2.9746
-43.2893 21.1863 -3.48978 0.998883 0.0392857 -0.0262744 -0.0390726 0.9992 0.00857737 0.0265903 -0.00754118 0.999618 -2.04982 -2.15105 -2.97592
-43.3711 21.1835 -3.48547 0.998898 0.0385788 -0.0267475 -0.0383449 0.999222 0.00920119 0.0270817 -0.00816542 0.9996 -2.04009 -2.15594 -2.97145
-43.4281 21.1819 -3.47757 0.998917 0.0389509 -0.0254336 -0.0387299 0.999208 0.00912663 0.0257689 -0.00813171 0.999635 -2.01737 -2.15909 -2.95955
-43.5407 21.1768 -3.47811 0.998904 0.0387582 -0.026235 -0.0385176 0.999212 0.00961184 0.0265868 -0.0085908 0.99961 -2.03668 -2.16588 -2.95618
-43.6238 21.1677 -3.48511 0.998871 0.0391125 -0.0269712 -0.0388887 0.999205 0.00877168 0.0272928 -0.0077129 0.999598 -2.03264 -2.17282 -2.96417
-43.7117 21.1711 -3.48276 0.998891 0.0386466 -0.0269039 -0.0384199 0.999222 0.00889202 0.0272266 -0.00784851 0.999598 -2.0266 -2.16902 -2.95819
-43.7728 21.1665 -3.48667 0.998869 0.0386446 -0.027694 -0.0383966 0.999218 0.00943187 0.0280368 -0.00835785 0.999572 -2.00218 -2.17349 -2.96442
-43.858 21.1617 -3.48709 0.998862 0.0381688 -0.0285874 -0.0379174 0.999238 0.00928562 0.0289201 -0.00819109 0.999548 -1.9877 -2.18004 -2.9691
-43.9778 21.1552 -3.4785 0.998882 0.03819 -0.0278656 -0.0379141 0.999227 0.0103632 0.0282399 -0.00929514 0.999558 -2.01801 -2.18713 -2.95331
-44.0308 21.1524 -3.47718 0.998892 0.0381399 -0.0275538 -0.0378211 0.999212 0.0119999 0.0279898 -0.0109445 0.999548 -1.97502 -2.19575 -2.94755
-44.1467 21.1561 -3.47948 0.998888 0.0388113 -0.0267489 -0.0385056 0.999188 0.0118524 0.0271872 -0.0108092 0.999572 -2.00565 -2.18264 -2.94559
-44.2305 21.145 -3.48381 0.998914 0.0384038 -0.0263943 -0.0381533 0.999223 0.00992876 0.0267551 -0.00891094 0.999602 -1.98962 -2.18782 -2.95338
-44.3158 21.1411 -3.48077 0.998915 0.0385355 -0.0261376 -0.0382911 0.999219 0.00978953 0.0264944 -0.00877807 0.99961 -1.99168 -2.18996 -2.94777
-44.4052 21.1394 -3.4685 0.998924 0.0387777 -0.0254478 -0.0385109 0.999199 0.0108927 0.0258498 -0.00990101 0.999617 -1.99794 -2.20135 -2.93855
-44.4594 21.1304 -3.46532 0.998966 0.0384542 -0.0242704 -0.0382003 0.999211 0.01084 0.0246681 -0.00990161 0.999647 -1.96344 -2.2063 -2.93039
-44.5564 21.1317 -3.46107 0.998915 0.0387917 -0.0257653 -0.0385185 0.999197 0.011017 0.026172 -0.0100126 0.999607 -1.96889 -2.21505 -2.92873
-44.6399 21.1281 -3.46604 0.998885 0.0391402 -0.0263996 -0.0388911 0.999195 0.00988146 0.0267651 -0.00884373 0.999603 -1.95902 -2.21541 -2.93411
-44.7279 21.1276 -3.4636 0.998915 0.0389854 -0.0254867 -0.0387434 0.9992 0.00992107 0.0258531 -0.00892286 0.999626 -1.96572 -2.2151 -2.93033
-44.8413 21.1203 -3.45192 0.998928 0.0391123 -0.0247598 -0.0388421 0.999181 0.0113003 0.0251815 -0.0103264 0.99963 -1.99759 -2.22979 -2.92125
-44.9026 21.1159 -3.45654 0.998935 0.0387988 -0.0249856 -0.0385618 0.999207 0.00989886 0.0253498 -0.00892483 0.999639 -1.96443 -2.22797 -2.91674
-45.0163 21.1094 -3.46148 0.998945 0.0385265 -0.0249753 -0.0382791 0.999214 0.0103094 0.0253528 -0.00934253 0.999635 -1.98313 -2.23882 -2.92633
-45.1007 21.1048 -3.46032 0.998963 0.0381804 -0.0248185 -0.0379709 0.99924 0.00886008 0.0251379 -0.00790851 0.999653 -1.97689 -2.2365 -2.92586
-45.1592 21.1047 -3.45191 0.998961 0.0376701 -0.0256398 -0.0374296 0.999251 0.00979759 0.0259897 -0.00882773 0.999623 -1.94113 -2.24153 -2.91553
-45.2414 21.0994 -3.45078 0.998979 0.0379669 -0.0244764 -0.037761 0.999248 0.00881751 0.0247928 -0.00788426 0.999662 -1.93248 -2.24833 -2.91889
-45.3289 21.0955 -3.46135 0.998963 0.0378676 -0.0252931 -0.0375816 0.999225 0.0116891 0.0257161 -0.0107264 0.999612 -1.92696 -2.25624 -2.91727
-45.4469 21.0914 -3.46021 0.998991 0.0373294 -0.0249815 -0.0370864 0.999261 0.0101195 0.0253407 -0.0091828 0.999637 -1.95175 -2.24949 -2.91037
-45.5409 21.0905 -3.45921 0.999002 0.0381435 -0.0232604 -0.0379042 0.999225 0.0106407 0.0236482 -0.00974843 0.999673 -1.95841 -2.25121 -2.90486
-45.6273 21.091 -3.44738 0.998963 0.0383519 -0.0245493 -0.0380913 0.999214 0.0109957 0.0249517 -0.0100492 0.999638 -1.94775 -2.25349 -2.89714
-45.7146 21.0851 -3.4522 0.99895 0.0382596 -0.0251965 -0.0379858 0.999215 0.0112577 0.0256075 -0.0102888 0.999619 -1.94503 -2.26472 -2.90139
-45.7713 21.0809 -3.45063 0.999008 0.0376299 -0.0238162 -0.0373653 0.999236 0.0114571 0.0242291 -0.0105558 0.999651 -1.91099 -2.26542 -2.89932
-45.8642 21.0815 -3.46267 0.998997 0.0381612 -0.0234148 -0.03793 0.999228 0.0102404 0.0237875 -0.009342 0.999673 -1.92137 -2.25939 -2.90522
-45.9558 21.0769 -3.45315 0.99894 0.0387062 -0.0249163 -0.0384467 0.999202 0.0108092 0.0253148 -0.00983984 0.999631 -1.91222 -2.27487 -2.90759
-46.0408 21.0692 -3.44817 0.998983 0.0382499 -0.0238754 -0.0380023 0.99922 0.0107383 0.0242675 -0.00982007 0.999657 -1.91341 -2.27816 -2.89083
-46.157 21.0694 -3.45514 0.998993 0.0382029 -0.0235369 -0.0379487 0.999217 0.0111522 0.0239445 -0.0102477 0.999661 -1.94371 -2.27802 -2.88948
-46.2452 21.0645 -3.4519 0.99895 0.0388344 -0.0243051 -0.0385962 0.999203 0.0101934 0.0246816 -0.00924458 0.999653 -1.93609 -2.27873 -2.89022
-46.3349 21.0722 -3.45525 0.998943 0.0392422 -0.0239367 -0.0389917 0.999181 0.0108454 0.0243427 -0.00990065 0.999655 -1.94042 -2.27474 -2.89438
-46.4203 21.0506 -3.45351 0.999003 0.0374291 -0.0243276 -0.0371564 0.999243 0.0115662 0.0247421 -0.0106508 0.999637 -1.92764 -2.29682 -2.89343
-46.5065 21.0542 -3.4601 0.998954 0.0385144 -0.0246427 -0.0382665 0.999213 0.0104555 0.025026 -0.00950156 0.999642 -1.93506 -2.29277 -2.88545
-46.5635 21.0485 -3.45933 0.99901 0.0374715 -0.0239621 -0.0372574 0.999262 0.00932203 0.0242937 -0.00842004 0.999669 -1.89449 -2.29873 -2.8856
-46.6511 21.0535 -3.46733 0.99895 0.0387376 -0.0244523 -0.038511 0.999211 0.00967139 0.0248077 -0.00871955 0.999654 -1.88966 -2.29035 -2.88853
-46.7737 21.048 -3.47265 0.998959 0.0380618 -0.0251371 -0.0378131 0.999232 0.0102984 0.0255098 -0.0093372 0.999631 -1.9211 -2.30166 -2.89216
-46.8571 21.0473 -3.47388 0.998924 0.03858 -0.0257472 -0.038339 0.999217 0.00978929 0.0261047 -0.00879163 0.999621 -1.91273 -2.29162 -2.89781
-46.9388 21.0333 -3.47564 0.998982 0.0373988 -0.0252298 -0.037178 0.999267 0.00916415 0.025554 -0.00821682 0.99964 -1.89564 -2.30973 -2.89681
-47.029 21.037 -3.47879 0.998963 0.0376137 -0.0256465 -0.037387 0.999258 0.00926122 0.0259759 -0.00829277 0.999628 -1.89442 -2.30185 -2.89515
-47.1122 21.027 -3.48725 0.998954 0.0374832 -0.0261713 -0.037226 0.999254 0.0102474 0.0265359 -0.00926248 0.999605 -1.89037 -2.3168 -2.90662
-47.1438 21.028 -3.47571 0.998947 0.0378078 -0.0259953 -0.0375478 0.999241 0.0104157 0.0263694 -0.00942867 0.999608 -1.83674 -2.31987 -2.89623
-47.2598 21.0199 -3.46281 0.998975 0.0385635 -0.02369 -0.0382951 0.999198 0.0116833 0.0241215 -0.0107641 0.999651 -1.86628 -2.33011 -2.87337
-47.3415 21.0188 -3.46524 0.998921 0.0382424 -0.0263343 -0.0379734 0.999222 0.0106399 0.0267207 -0.00962838 0.999597 -1.8541 -2.33136 -2.88896
-47.46 21.0131 -3.4651 0.998981 0.0369428 -0.025933 -0.0367124 0.999283 0.00930733 0.0262582 -0.00834578 0.99962 -1.88744 -2.32626 -2.88494
-47.5531 21.0172 -3.46941 0.998949 0.0380815 -0.0254991 -0.0378388 0.999234 0.0099345 0.0258579 -0.00895921 0.999625 -1.89673 -2.3284 -2.87976
-47.5799 21.0134 -3.4745 0.998952 0.0381235 -0.0253238 -0.0379068 0.999241 0.00898084 0.0256469 -0.00801148 0.999639 -1.83165 -2.32648 -2.88012
-47.726 21.004 -3.47269 0.998944 0.0379047 -0.0259805 -0.0376735 0.999247 0.00932974 0.0263146 -0.0083411 0.999619 -1.88853 -2.3371 -2.88297
-47.7548 20.9993 -3.47329 0.998889 0.0383644 -0.027378 -0.0381314 0.999232 0.00898453 0.0277016 -0.00793058 0.999585 -1.83381 -2.34039 -2.88462
-47.8386 20.9977 -3.47631 0.998845 0.0370243 -0.0306339 -0.0367577 0.999282 0.00922134 0.0309533 -0.00808465 0.999488 -1.82036 -2.33994 -2.89012
-47.9493 20.9972 -3.48811 0.998901 0.0375552 -0.0280262 -0.0373169 0.999263 0.00898118 0.0283428 -0.00792546 0.999567 -1.84861 -2.34107 -2.89188
-48.0388 20.9909 -3.48342 0.998889 0.0372356 -0.0289007 -0.0369573 0.999266 0.0101057 0.0292558 -0.00902642 0.999531 -1.84136 -2.34879 -2.88829
-48.1311 20.9916 -3.48767 0.998863 0.0375343 -0.029399 -0.0372635 0.999258 0.00970673 0.0297415 -0.00860019 0.999521 -1.84198 -2.34001 -2.88498
-48.2108 20.9849 -3.4796 0.998882 0.0377697 -0.0284161 -0.0375012 0.999247 0.00992625 0.0287696 -0.00884952 0.999547 -1.83287 -2.35037 -2.88292
-48.2999 20.9828 -3.46609 0.998895 0.0377273 -0.0280155 -0.0374362 0.99924 0.0108439 0.0284033 -0.00978314 0.999549 -1.82738 -2.35002 -2.87021
-48.3848 20.977 -3.47272 0.998883 0.0373077 -0.0289926 -0.0370155 0.999259 0.0105507 0.0293647 -0.00946575 0.999524 -1.82563 -2.35754 -2.88092
-48.4763 20.9718 -3.47489 0.998978 0.0363209 -0.0268936 -0.0360939 0.999309 0.00887813 0.0271975 -0.00789836 0.999599 -1.83147 -2.35209 -2.87771
-48.5648 20.9708 -3.46293 0.99895 0.037424 -0.0264093 -0.0371919 0.999266 0.00922313 0.026735 -0.00823123 0.999609 -1.83821 -2.3563 -2.86176
-48.6849 20.9707 -3.4685 0.998914 0.0378877 -0.0271168 -0.0376269 0.999241 0.0100656 0.0274776 -0.00903432 0.999582 -1.86019 -2.36672 -2.86307
-48.7732 20.9663 -3.47053 0.998888 0.0378736 -0.0280746 -0.0375852 0.999236 0.0107288 0.0284595 -0.00966167 0.999548 -1.85184 -2.37214 -2.86764
-48.8679 20.9612 -3.47666 0.998939 0.0371742 -0.0271752 -0.0369192 0.99927 0.00982476 0.0275206 -0.00881105 0.999582 -1.85198 -2.3841 -2.86652
-48.9625 20.9634 -3.46709 0.998927 0.0379891 -0.0264862 -0.0377235 0.999233 0.0104585 0.0268632 -0.00944809 0.999594 -1.84772 -2.3815 -2.85229
-49.0549 20.9456 -3.47322 0.998962 0.0363189 -0.027486 -0.0360827 0.999308 0.00904046 0.0277953 -0.00803931 0.999581 -1.83868 -2.40289 -2.85821
-49.0912 20.9487 -3.48096 0.998936 0.0371487 -0.0273142 -0.0369314 0.999282 0.00841654 0.0276072 -0.00739883 0.999591 -1.77735 -2.40001 -2.86766
-49.1926 20.9487 -3.47395 0.998936 0.0366824 -0.0279601 -0.0364854 0.999306 0.00752526 0.0282168 -0.00649712 0.999581 -1.7763 -2.39641 -2.85698
-49.3611 20.9422 -3.48355 0.998989 0.0366172 -0.0260693 -0.0364146 0.999303 0.00820358 0.0263515 -0.00724598 0.999626 -1.84253 -2.39751 -2.86466
-49.4622 20.9411 -3.48484 0.998924 0.0373051 -0.0275476 -0.0370946 0.999279 0.00811166 0.0278303 -0.00708106 0.999588 -1.83053 -2.39376 -2.86933
-49.567 20.9301 -3.4844 0.998983 0.0363123 -0.0267243 -0.0360968 0.999312 0.0085024 0.0270146 -0.00752909 0.999607 -1.83352 -2.41012 -2.86482
-49.642 20.9367 -3.47974 0.998948 0.037625 -0.026214 -0.0374059 0.999261 0.00879764 0.0265256 -0.00780783 0.999618 -1.79235 -2.403 -2.8586
-49.7834 20.9288 -3.49102 0.998964 0.0372037 -0.0262026 -0.0370203 0.999287 0.00744847 0.026461 -0.00647073 0.999629 -1.82498 -2.40856 -2.87249
-49.8876 20.9112 -3.4948 0.998913 0.0365514 -0.0289428 -0.0363941 0.99932 0.00594294 0.0291403 -0.00488313 0.999563 -1.81894 -2.42413 -2.89254
-50.0025 20.9181 -3.48388 0.998938 0.0378126 -0.0263425 -0.0376514 0.999269 0.00658862 0.0265724 -0.00558979 0.999631 -1.83349 -2.41777 -2.8646
-50.1156 20.9163 -3.48289 0.99896 0.037731 -0.0255887 -0.0375758 0.999273 0.00651843 0.025816 -0.00555014 0.999651 -1.83414 -2.42082 -2.85255
-50.1519 20.9127 -3.48483 0.998958 0.0369193 -0.0268205 -0.0367215 0.999295 0.00782871 0.0270906 -0.00683567 0.99961 -1.74924 -2.42272 -2.84949
-50.3032 20.9043 -3.49214 0.998927 0.0375429 -0.0271326 -0.0373686 0.999278 0.00690014 0.0273721 -0.00587882 0.999608 -1.77982 -2.43011 -2.86788
-50.4198 20.8997 -3.48349 0.998926 0.037957 -0.0265883 -0.0377898 0.999263 0.00676404 0.0268254 -0.005752 0.999624 -1.77817 -2.43568 -2.85147
-50.5332 20.8907 -3.48945 0.998958 0.0367248 -0.0270826 -0.0365546 0.999309 0.00675442 0.0273119 -0.0057574 0.99961 -1.76118 -2.43824 -2.85632
-50.654 20.8898 -3.5029 0.998935 0.0371022 -0.0274221 -0.0369545 0.9993 0.0058752 0.0276208 -0.00485558 0.999607 -1.75815 -2.4363 -2.87062
-50.7729 20.8822 -3.5016 0.998907 0.0369298 -0.0286587 -0.0367791 0.999307 0.00576949 0.0288519 -0.00470914 0.999573 -1.74181 -2.44476 -2.87276
-50.8965 20.8766 -3.49761 0.998932 0.0379361 -0.0263938 -0.0377991 0.999269 0.00566759 0.0265895 -0.00466387 0.999636 -1.74729 -2.44599 -2.86035
-51.0198 20.8759 -3.49824 0.998935 0.0380698 -0.0260587 -0.0379083 0.999259 0.00666122 0.026293 -0.00566629 0.999638 -1.73564 -2.44219 -2.85966
-51.188 20.8711 -3.50155 0.998915 0.0380368 -0.0268837 -0.0378909 0.999264 0.00591436 0.0270889 -0.00488929 0.999621 -1.78057 -2.43899 -2.86657
-51.306 20.864 -3.50178 0.998882 0.0382435 -0.0278041 -0.0381061 0.999259 0.00545341 0.0279921 -0.00438781 0.999599 -1.76822 -2.45007 -2.86746
-51.3467 20.8639 -3.50313 0.998839 0.0397811 -0.0271775 -0.0396411 0.999198 0.00566918 0.0273813 -0.00458525 0.999615 -1.69447 -2.45701 -2.86505
-51.4643 20.8614 -3.4986 0.998832 0.0386443 -0.028998 -0.0384748 0.999239 0.00638158 0.0292226 -0.00525843 0.999559 -1.6785 -2.46369 -2.86389
-51.6232 20.8542 -3.50011 0.998897 0.0378732 -0.0277411 -0.037731 0.999272 0.00563206 0.0279342 -0.00457915 0.999599 -1.71014 -2.46516 -2.86118
-51.741 20.8485 -3.48862 0.998925 0.0369993 -0.0279354 -0.0368519 0.999304 0.00577524 0.0281297 -0.00473955 0.999593 -1.70201 -2.47638 -2.85098
-51.8587 20.846 -3.49035 0.998906 0.0369323 -0.0286802 -0.0367821 0.999307 0.00575012 0.0288727 -0.00468892 0.999572 -1.69922 -2.4838 -2.85602
-51.9751 20.8415 -3.48771 0.998903 0.03666 -0.0291509 -0.0364842 0.999313 0.00654192 0.0293707 -0.00547119 0.999554 -1.69855 -2.48484 -2.85118
-52.0955 20.8372 -3.48391 0.9989 0.0379144 -0.0276019 -0.0377493 0.999266 0.00648017 0.0278273 -0.00543109 0.999598 -1.70743 -2.47999 -2.84011
-52.2092 20.8339 -3.48474 0.998933 0.0370638 -0.0275528 -0.0368772 0.999293 0.00725098 0.0278021 -0.00622718 0.999594 -1.69971 -2.49087 -2.83662
-52.3594 20.8259 -3.48524 0.998972 0.0365866 -0.026753 -0.0364515 0.99932 0.00551763 0.0269366 -0.00453677 0.999627 -1.73142 -2.48426 -2.83626
-52.4391 20.8213 -3.48571 0.998963 0.0362877 -0.0274992 -0.0361469 0.999331 0.00559974 0.027684 -0.00459992 0.999606 -1.69737 -2.4971 -2.83656
-52.5498 20.816 -3.49364 0.998969 0.0365526 -0.0269245 -0.0364645 0.999328 0.00375552 0.0270437 -0.00276986 0.99963 -1.69558 -2.49765 -2.84538
-52.6628 20.8169 -3.4878 0.998941 0.0374996 -0.0266596 -0.0373912 0.99929 0.00455374 0.0268114 -0.00355208 0.999634 -1.69946 -2.50305 -2.84068
-52.8182 20.8104 -3.47493 0.998962 0.0375309 -0.0258263 -0.037365 0.999278 0.00687757 0.0260657 -0.00590543 0.999643 -1.7383 -2.51537 -2.82558
-52.8901 20.8021 -3.48207 0.998935 0.0378337 -0.0264216 -0.0376597 0.999266 0.00704918 0.0266689 -0.00604664 0.999626 -1.7019 -2.5239 -2.83037
-52.9964 20.7987 -3.47392 0.998938 0.0371602 -0.0272409 -0.0369652 0.999287 0.00762869 0.027505 -0.00661363 0.9996 -1.68943 -2.528 -2.82996
-53.1094 20.7946 -3.47915 0.998901 0.0376783 -0.0278934 -0.0375144 0.999276 0.0063762 0.0281135 -0.00532278 0.999591 -1.69535 -2.52674 -2.83396
-53.2124 20.7889 -3.47956 0.99894 0.0370373 -0.0273217 -0.0368744 0.999299 0.00644307 0.0275412 -0.00542877 0.999606 -1.68129 -2.52346 -2.83736
-53.2848 20.7852 -3.47895 0.998922 0.0364602 -0.0287342 -0.0362802 0.999319 0.00676201 0.0289612 -0.00571223 0.999564 -1.64123 -2.53357 -2.8376
-53.4269 20.7786 -3.48205 0.998945 0.0373346 -0.0267285 -0.0371751 0.999288 0.00643789 0.0269498 -0.00543747 0.999622 -1.68259 -2.52777 -2.83732
-53.5324 20.7727 -3.48336 0.998949 0.0366965 -0.0274707 -0.0365273 0.999311 0.00663779 0.0276954 -0.00562739 0.999601 -1.66801 -2.53758 -2.84117
-53.676 20.7658 -3.48467 0.998936 0.0371607 -0.0273046 -0.0370081 0.999297 0.00607332 0.0275111 -0.00505637 0.999609 -1.71006 -2.54481 -2.8401
-53.7444 20.7653 -3.48428 0.998915 0.0377736 -0.0272318 -0.0376035 0.99927 0.00673015 0.0274662 -0.00569884 0.999606 -1.66716 -2.54582 -2.839
-53.8457 20.758 -3.49236 0.998946 0.0363893 -0.0279852 -0.0362129 0.999321 0.00678275 0.028213 -0.00576217 0.999585 -1.66084 -2.54554 -2.84486
-53.9526 20.7553 -3.4918 0.998911 0.0373026 -0.0280337 -0.0371191 0.999286 0.00703719 0.0282762 -0.00598894 0.999582 -1.66371 -2.5478 -2.84653
-54.0896 20.7455 -3.47899 0.998963 0.0370713 -0.0264374 -0.0368626 0.999286 0.00834073 0.0267278 -0.00735753 0.999616 -1.69808 -2.56295 -2.83136
-54.1585 20.7425 -3.47969 0.998938 0.0373935 -0.0269257 -0.0372304 0.999285 0.00653234 0.0271507 -0.00552294 0.999616 -1.66467 -2.56554 -2.83464
-54.2596 20.7359 -3.48323 0.99889 0.0384461 -0.0272309 -0.0382857 0.999246 0.00638964 0.027456 -0.00534 0.999609 -1.66535 -2.56747 -2.83499
-54.3602 20.7347 -3.47717 0.998897 0.037864 -0.0277776 -0.0376966 0.999268 0.00652694 0.0280044 -0.00547262 0.999593 -1.65236 -2.57773 -2.83346
-54.4587 20.7283 -3.47517 0.998908 0.0373087 -0.0281391 -0.0371149 0.999284 0.00737924 0.0283942 -0.0063268 0.999577 -1.64767 -2.58743 -2.83116
-54.5587 20.728 -3.46781 0.998911 0.0375892 -0.0276489 -0.0374137 0.999276 0.00684044 0.027886 -0.00579854 0.999594 -1.64185 -2.57905 -2.82236
-54.6493 20.7195 -3.46258 0.998664 0.0354586 -0.0375939 -0.0352729 0.999362 0.00559157 0.0377682 -0.00425805 0.999277 -1.63444 -2.57375 -2.82143
-54.7019 20.7151 -3.47244 0.998756 0.0388134 -0.0312997 -0.0386662 0.999238 0.005295 0.0314814 -0.00407817 0.999496 -1.68235 -2.59636 -2.82033
-54.803 20.7123 -3.47385 0.999045 0.0367494 -0.0236493 -0.0365782 0.999302 0.00763191 0.0239132 -0.00675957 0.999691 -1.70243 -2.59973 -2.81073
-54.8774 20.7098 -3.49405 0.999191 0.036666 -0.0165142 -0.0365926 0.999319 0.00472388 0.0166762 -0.00411576 0.999852 -1.64936 -2.59433 -2.83252
-54.9544 20.7053 -3.46882 0.999258 0.0368366 -0.0112797 -0.036752 0.999295 0.00762407 0.0115526 -0.00720386 0.999907 -1.57581 -2.59872 -2.80789
-55.1317 20.6992 -3.44579 0.998663 0.0372043 -0.0358914 -0.0369089 0.999279 0.00885615 0.036195 -0.00751959 0.999316 -1.58768 -2.60281 -2.79584
-55.2102 20.6924 -3.46578 0.99886 0.0374743 -0.0295641 -0.0372424 0.999271 0.00835492 0.0298556 -0.00724436 0.999528 -1.61249 -2.61314 -2.80746
-55.3085 20.7037 -3.46389 0.999016 0.0375742 -0.0235751 -0.03738 0.999264 0.00862477 0.0238818 -0.00773505 0.999685 -1.62289 -2.60946 -2.79348
-55.4191 20.6945 -3.46463 0.999002 0.0367145 -0.0254386 -0.0364427 0.999274 0.0110672 0.0258265 -0.0101291 0.999615 -1.61738 -2.62345 -2.79729
-55.4891 20.6932 -3.45548 0.998852 0.0402468 -0.0259811 -0.0399918 0.999147 0.0102594 0.0263718 -0.00920864 0.99961 -1.58722 -2.62377 -2.79275
-55.6072 20.6896 -3.45626 0.998832 0.037669 -0.0302677 -0.0373883 0.999253 0.00978723 0.0306138 -0.00864414 0.999494 -1.61112 -2.63496 -2.79025
-55.6973 20.6929 -3.46309 0.998973 0.0369435 -0.0262483 -0.0367007 0.99928 0.00967145 0.0265867 -0.00869818 0.999609 -1.6107 -2.63287 -2.78592
-55.7535 20.6819 -3.47261 0.999032 0.0361496 -0.0250671 -0.0358784 0.999294 0.0111854 0.0254538 -0.0102753 0.999623 -1.56776 -2.63855 -2.79742
-55.8486 20.6806 -3.46278 0.999233 0.0359054 -0.0156494 -0.0357628 0.999317 0.00929987 0.0159726 -0.00873306 0.999834 -1.55681 -2.63787 -2.79563
-55.9728 20.6782 -3.43119 0.999062 0.0366336 -0.0231055 -0.036568 0.999326 0.00325562 0.0232092 -0.00240765 0.999728 -1.58365 -2.61336 -2.78943
-56.0483 20.6703 -3.43063 0.998875 0.0358429 -0.0310512 -0.0357211 0.999352 0.00446689 0.0311912 -0.00335268 0.999508 -1.56343 -2.62058 -2.79084
-56.1134 20.6724 -3.44211 0.998834 0.0359012 -0.0322659 -0.0356947 0.999339 0.00695438 0.0324942 -0.00579456 0.999455 -1.55735 -2.6352 -2.79329
-56.1842 20.6664 -3.45587 0.998957 0.0352941 -0.0289538 -0.0350735 0.999352 0.00809077 0.0292206 -0.00706682 0.999548 -1.54798 -2.63992 -2.79418
-56.2838 20.6655 -3.45675 0.998914 0.0360644 -0.0294959 -0.0357512 0.999299 0.0110807 0.0298748 -0.0100142 0.999503 -1.61762 -2.64721 -2.76542
-56.335 20.6669 -3.47729 0.998975 0.0373487 -0.0255714 -0.0371675 0.999281 0.00752609 0.0258341 -0.00656795 0.999645 -1.58848 -2.64457 -2.78268
-56.4424 20.6581 -3.4491 0.998973 0.0362801 -0.0271537 -0.0360069 0.999297 0.0104858 0.027515 -0.00949735 0.999576 -1.55826 -2.66032 -2.75967
-56.5164 20.659 -3.45433 0.998936 0.0344522 -0.0306456 -0.0341871 0.999374 0.00913323 0.0309411 -0.00807583 0.999489 -1.51847 -2.66423 -2.76543
-56.6318 20.6619 -3.46663 0.998823 0.0373348 -0.030958 -0.0370107 0.999255 0.0109794 0.0313448 -0.00982069 0.99946 -1.57749 -2.67333 -2.76952
-56.7136 20.6544 -3.46907 0.998989 0.0364601 -0.0262953 -0.0361979 0.999291 0.0103796 0.0266551 -0.00941732 0.9996 -1.58792 -2.66979 -2.76712
-56.8064 20.6476 -3.45759 0.99894 0.0366053 -0.0279258 -0.0363326 0.999288 0.0102122 0.0282797 -0.00918677 0.999558 -1.57446 -2.68203 -2.75934
-56.8701 20.6462 -3.46139 0.998885 0.0369138 -0.0294466 -0.0366883 0.999293 0.00816171 0.0297271 -0.00707226 0.999533 -1.55576 -2.68483 -2.76071
-56.99 20.6458 -3.46504 0.99883 0.0377635 -0.0302236 -0.0374631 0.999243 0.0104422 0.0305951 -0.00929771 0.999489 -1.59172 -2.69679 -2.76219
-57.0785 20.6364 -3.46515 0.998883 0.0376285 -0.0285752 -0.0373382 0.999246 0.010627 0.0289535 -0.00954822 0.999535 -1.59446 -2.69424 -2.76355
-57.1728 20.625 -3.4635 0.998869 0.0379169 -0.0286872 -0.0376798 0.999251 0.00875961 0.0289978 -0.00766878 0.99955 -1.58833 -2.69615 -2.75869
-57.2319 20.6194 -3.46129 0.998943 0.0353487 -0.0293731 -0.0350728 0.999336 0.00985454 0.029702 -0.00881393 0.99952 -1.55064 -2.70664 -2.758
-57.3581 20.6148 -3.46136 0.998887 0.0360843 -0.0303887 -0.0357718 0.999302 0.0107649 0.0307559 -0.00966589 0.99948 -1.58819 -2.69882 -2.75706
-57.4494 20.6012 -3.46431 0.998924 0.0356165 -0.0296983 -0.0353329 0.999325 0.0100203 0.0300352 -0.00896018 0.999509 -1.58569 -2.71206 -2.75605
-57.5395 20.5975 -3.46427 0.998902 0.0357529 -0.0302884 -0.0354829 0.999326 0.00940405 0.0306042 -0.008319 0.999497 -1.59144 -2.69974 -2.76438
-57.6008 20.5933 -3.46823 0.998943 0.0350192 -0.0297872 -0.0347773 0.999358 0.0086026 0.0300694 -0.00755759 0.999519 -1.56322 -2.7 -2.75878
-57.7214 20.5801 -3.45793 0.998957 0.0350025 -0.0293093 -0.0347081 0.999342 0.0104938 0.0296573 -0.00946563 0.999515 -1.58634 -2.71311 -2.74824
-57.8133 20.5776 -3.45745 0.998944 0.0354577 -0.0292107 -0.0351607 0.999325 0.0106195 0.0295675 -0.00958125 0.999517 -1.59245 -2.70519 -2.74492
-57.8708 20.5766 -3.46124 0.99892 0.0354456 -0.0300351 -0.0351543 0.99933 0.0101725 0.0303755 -0.00910561 0.999497 -1.56088 -2.71356 -2.74451
-57.9924 20.5664 -3.4551 0.99887 0.036779 -0.0301153 -0.0364442 0.999268 0.0115933 0.0305197 -0.0104827 0.999479 -1.59688 -2.7219 -2.74932
-58.0778 20.5547 -3.44924 0.998942 0.0358616 -0.028777 -0.0355657 0.99931 0.0107262 0.0291418 -0.0096914 0.999528 -1.59994 -2.72288 -2.74037
-58.1362 20.5518 -3.43693 0.998986 0.0355556 -0.0276339 -0.0352422 0.99931 0.0117486 0.0280325 -0.0107628 0.999549 -1.56846 -2.72346 -2.72834
-58.224 20.5412 -3.45151 0.998994 0.0349006 -0.0281435 -0.0346226 0.999347 0.0103073 0.0284848 -0.00932252 0.999551 -1.5763 -2.72359 -2.74467
-58.3122 20.5351 -3.4508 0.998973 0.0349912 -0.0287698 -0.0346611 0.999328 0.0118921 0.0291666 -0.0108827 0.999515 -1.57493 -2.71543 -2.74634
-58.4278 20.5182 -3.45318 0.999014 0.0352302 -0.0270291 -0.0349608 0.999335 0.0103725 0.0273765 -0.00941731 0.999581 -1.619 -2.72289 -2.73436
-58.5146 20.5143 -3.4511 0.998959 0.0363962 -0.027509 -0.0361027 0.999287 0.0110939 0.0278931 -0.0100892 0.99956 -1.63066 -2.73243 -2.73676
-58.5953 20.4995 -3.44755 0.999005 0.0358668 -0.0264879 -0.0355779 0.999303 0.0113008 0.0268748 -0.0103472 0.999585 -1.6344 -2.74243 -2.7263
